<?xml version="1.0"?>
<opencv_storage>
<CameraMatrix type_id="opencv-matrix">
  <rows>3</rows>
  <cols>3</cols>
  <dt>d</dt>
  <data>
    4.9440321434669602e+02 0. 322. 0. 4.9440321434669602e+02 243. 0. 0.
    1.</data></CameraMatrix>
<DistortionCoeffs type_id="opencv-matrix">
  <rows>5</rows>
  <cols>1</cols>
  <dt>d</dt>
  <data>
    -3.8369425899904913e-01 2.0108441898972396e-01 0. 0.
    -3.0471832167120322e-02</data></DistortionCoeffs>
</opencv_storage>
