<?xml version="1.0"?>
<opencv_storage><CameraMatrix type_id="opencv-matrix">
  <rows>3</rows>
  <cols>3</cols>
  <dt>d</dt>
  <data>
    4.7446559626994332e+02 0. 322. 0. 4.7446559626994332e+02 243. 0. 0.
    1.</data></CameraMatrix>
<DistortionCoeffs type_id="opencv-matrix">
  <rows>5</rows>
  <cols>1</cols>
  <dt>d</dt>
  <data>
    -3.3825551790323766e-01 1.5550365765694046e-01 0. 0.
    -4.1680642943084434e-02</data></DistortionCoeffs></opencv_storage>
