<?xml version="1.0"?>
<opencv_storage>
<CornersAmount>48</CornersAmount>
<Corner_0>
  357 301</Corner_0>
<Corner_1>
  367 305</Corner_1>
<Corner_2>
  376 307</Corner_2>
<Corner_3>
  386 310</Corner_3>
<Corner_4>
  397 313</Corner_4>
<Corner_5>
  407 315</Corner_5>
<Corner_6>
  417 318</Corner_6>
<Corner_7>
  429 321</Corner_7>
<Corner_8>
  350 304</Corner_8>
<Corner_9>
  359 307</Corner_9>
<Corner_10>
  369 310</Corner_10>
<Corner_11>
  378 313</Corner_11>
<Corner_12>
  388 316</Corner_12>
<Corner_13>
  398 318</Corner_13>
<Corner_14>
  409 321</Corner_14>
<Corner_15>
  421 324</Corner_15>
<Corner_16>
  341 308</Corner_16>
<Corner_17>
  350 311</Corner_17>
<Corner_18>
  360 313</Corner_18>
<Corner_19>
  369 316</Corner_19>
<Corner_20>
  380 320</Corner_20>
<Corner_21>
  391 322</Corner_21>
<Corner_22>
  402 326</Corner_22>
<Corner_23>
  413 328</Corner_23>
<Corner_24>
  332 311</Corner_24>
<Corner_25>
  341 313</Corner_25>
<Corner_26>
  351 316</Corner_26>
<Corner_27>
  361 319</Corner_27>
<Corner_28>
  372 323</Corner_28>
<Corner_29>
  382 326</Corner_29>
<Corner_30>
  394 329</Corner_30>
<Corner_31>
  405 332</Corner_31>
<Corner_32>
  323 313</Corner_32>
<Corner_33>
  332 317</Corner_33>
<Corner_34>
  342 321</Corner_34>
<Corner_35>
  352 323</Corner_35>
<Corner_36>
  363 327</Corner_36>
<Corner_37>
  374 330</Corner_37>
<Corner_38>
  384 333</Corner_38>
<Corner_39>
  397 337</Corner_39>
<Corner_40>
  314 317</Corner_40>
<Corner_41>
  322 321</Corner_41>
<Corner_42>
  333 324</Corner_42>
<Corner_43>
  344 326</Corner_43>
<Corner_44>
  353 329</Corner_44>
<Corner_45>
  364 333</Corner_45>
<Corner_46>
  375 337</Corner_46>
<Corner_47>
  386 341</Corner_47>
</opencv_storage>
