<?xml version="1.0"?><opencv_storage><CameraMatrix type_id="opencv-matrix">  <rows>3</rows>  <cols>3</cols>
  <dt>f</dt>
  <data>
    4.8471571717967169e+02 0. 322. 0. 4.8471571717967169e+02 243. 0. 0.
    1.</data></CameraMatrix>
<DistortionCoeffs type_id="opencv-matrix">
  <rows>5</rows>
  <cols>1</cols>
  <dt>f</dt>
  <data>
    -4.2135664893502600e-01 3.1428175703771122e-01 0. 0.
    -1.5280240320238772e-01</data></DistortionCoeffs></opencv_storage>
