<?xml version="1.0"?>
<opencv_storage><CameraMatrix type_id="opencv-matrix">
  <rows>3</rows>
  <cols>3</cols>
  <dt>d</dt>
  <data>
    4.8459918468510568e+02 0. 322. 0. 4.8459918468510568e+02 243. 0. 0.
    1.</data></CameraMatrix>
<DistortionCoeffs type_id="opencv-matrix">
  <rows>5</rows>
  <cols>1</cols>
  <dt>d</dt>
  <data>
    -4.2726443063504632e-01 3.2892926336701617e-01 0. 0.
    -1.7528463326067142e-01</data></DistortionCoeffs></opencv_storage>
